54
                                                                                                          61                                                                                                          
                                                                                                        02  27                                                                                                        
                                                                                                      99  08  29                                                                                                      
                                                                                                    37  53  39  05                                                                                                    
                                                                                                  74  06  86  75  61                                                                                                  
                                                                                                85  17  11  12  08  92                                                                                                
                                                                                              31  20  12  29  15  42  82                                                                                              
                                                                                            14  46  93  39  96  76  54  20                                                                                            
                                                                                          81  64  09  38  54  26  93  19  89                                                                                          
                                                                                        97  84  85  93  16  24  77  71  62  64                                                                                        
                                                                                      12  05  15  06  05  58  85  44  14  30  56                                                                                      
                                                                                    76  50  65  97  68  24  87  63  33  42  35  13                                                                                    
                                                                                  62  22  92  95  94  44  91  85  62  96  53  77  88                                                                                  
                                                                                09  52  31  42  34  27  84  87  53  22  32  59  61  65                                                                                
                                                                              82  45  30  10  06  13  97  73  39  34  88  83  56  58  46                                                                              
                                                                            51  49  31  97  37  28  78  19  25  41  57  72  69  41  07  52                                                                            
                                                                          53  00  89  36  36  56  19  19  15  39  32  08  32  23  68  66  10                                                                          
                                                                        23  71  13  28  89  11  07  84  94  46  83  22  65  60  94  99  41  67                                                                        
                                                                      20  40  75  41  62  25  52  92  15  19  05  55  61  93  02  68  00  18  04                                                                      
                                                                    93  81  54  21  47  46  79  06  77  58  35  60  04  54  44  01  27  67  18  90                                                                    
                                                                  35  61  93  47  83  34  31  03  78  10  88  60  63  40  32  58  74  58  84  07  98                                                                  
                                                                51  15  70  62  02  78  24  86  46  84  35  74  79  62  52  73  10  25  91  54  31  13                                                                
                                                              18  20  92  94  85  40  36  88  34  67  43  72  23  63  04  12  44  38  66  23  33  55  52                                                              
                                                            22  27  08  43  87  00  85  55  43  42  58  30  17  13  41  82  69  14  13  42  80  66  76  76                                                            
                                                          88  91  12  63  92  52  60  96  88  38  40  40  91  45  17  24  04  56  26  04  27  49  71  57  10                                                          
                                                        78  38  27  38  29  81  12  90  22  53  32  88  56  64  27  66  41  94  11  28  24  41  51  52  97  93                                                        
                                                      27  65  04  35  19  54  32  70  25  91  97  08  77  34  13  55  83  46  44  36  87  63  89  83  45  04  78                                                      
                                                    34  78  73  18  47  30  69  70  57  13  22  07  98  90  05  31  79  99  96  70  59  29  98  28  53  02  24  51                                                    
                                                  49  88  30  89  42  26  08  18  91  73  90  81  50  56  50  83  47  49  89  64  13  56  65  76  21  31  62  23  17                                                  
                                                32  52  33  38  23  31  00  43  25  51  49  38  34  77  62  50  71  53  98  01  27  34  20  02  63  96  80  23  96  89                                                
                                              66  29  73  49  40  33  53  86  69  53  34  03  28  27  92  42  00  56  53  69  61  76  06  15  15  70  14  61  58  79  06                                              
                                            02  60  25  72  12  25  71  64  26  77  63  53  15  34  06  66  99  15  99  36  78  34  75  74  41  50  23  96  62  97  13  24                                            
                                          65  67  00  43  31  97  90  55  79  99  05  45  04  97  95  43  69  82  90  33  62  71  42  65  63  91  43  40  11  76  17  37  66                                          
                                        10  23  66  55  28  73  17  73  05  62  93  58  18  37  29  80  47  06  33  72  68  05  27  99  88  78  13  68  54  27  38  32  97  83                                        
                                      71  96  83  61  29  53  84  93  20  91  12  19  19  97  48  55  96  27  80  08  65  56  88  98  99  09  87  14  09  48  38  64  30  41  22                                      
                                    51  01  46  64  13  00  84  76  62  47  68  51  48  81  28  48  67  49  97  25  75  81  73  01  67  31  64  56  58  66  74  22  82  41  07  69                                    
                                  99  01  94  41  86  55  42  12  17  41  06  82  35  35  98  18  04  27  43  71  45  70  96  86  01  93  35  92  07  83  18  19  56  40  94  87  03                                  
                                64  87  26  76  57  87  54  50  66  53  05  38  43  28  65  31  20  84  32  41  64  34  18  09  49  81  27  21  00  39  48  09  36  44  60  63  14  65                                
                              29  66  22  36  72  95  77  32  95  67  33  14  36  34  34  07  06  81  37  62  54  11  69  69  73  45  78  29  82  36  89  33  21  50  82  92  94  29  19                              
                            73  94  69  04  01  49  31  49  35  18  95  46  05  42  62  63  78  49  74  23  27  13  68  87  79  16  72  02  93  31  57  77  50  24  65  29  37  51  30  91                            
                          66  46  10  54  81  93  00  85  93  85  63  02  61  30  78  98  32  58  30  64  57  65  58  92  80  10  24  52  51  09  65  70  20  08  50  18  63  08  75  77  20                          
                        16  68  69  72  21  06  89  06  24  81  78  93  39  36  49  42  65  30  33  41  02  79  80  50  81  32  91  33  73  57  51  73  68  92  69  28  07  05  19  43  32  73                        
                      62  25  29  20  87  59  44  39  03  48  94  12  18  28  82  32  34  64  54  96  72  02  10  07  65  20  88  42  00  34  74  16  42  50  78  35  37  16  49  00  74  22  92                      
                    44  94  35  05  92  04  89  40  97  26  71  77  71  03  62  29  61  81  02  57  58  88  69  10  67  55  02  52  72  62  57  86  01  76  13  07  14  19  38  08  09  69  76  84                    
                  65  38  53  27  91  85  14  92  67  36  05  98  18  25  09  83  33  95  92  18  14  01  05  65  04  29  31  31  65  67  06  69  34  27  53  34  64  56  57  85  16  56  68  01  08                  
                94  53  74  70  85  38  07  18  38  57  59  61  54  10  34  40  77  38  83  70  85  83  22  67  57  51  53  20  74  73  37  74  02  12  32  99  15  80  02  83  83  55  82  43  43  04                
              53  71  83  30  13  42  85  00  42  95  54  50  11  67  77  80  15  47  87  16  98  14  92  72  14  92  45  80  86  96  75  23  53  02  13  27  02  57  30  18  43  52  86  65  63  81  85              
            94  57  95  24  08  22  11  01  78  50  23  90  58  74  68  40  85  30  25  15  60  37  05  54  55  50  57  25  55  10  87  72  41  35  89  92  60  31  01  09  32  91  24  41  28  57  30  78            
          20  38  29  65  52  35  41  43  42  75  86  90  72  29  42  96  34  80  81  73  53  59  09  71  41  21  31  06  03  10  77  03  37  29  23  52  43  94  09  97  50  53  97  31  42  95  06  68  32          
        63  77  90  69  69  15  60  33  56  26  35  30  49  39  18  61  18  36  07  14  70  13  08  58  17  10  66  80  96  39  66  77  30  48  76  38  47  93  40  06  45  74  75  45  93  73  41  71  33  99        
      47  15  42  58  75  58  66  51  83  07  59  83  90  32  97  00  00  26  32  04  95  84  78  67  66  20  22  44  88  54  83  99  55  86  48  85  26  79  14  60  36  63  59  88  57  74  66  56  69  82  90      
    37  77  76  45  33  14  02  65  35  60  06  03  86  01  22  64  02  38  58  21  30  34  32  52  90  53  59  96  64  80  52  21  77  37  98  05  25  60  26  06  18  12  62  81  36  11  92  50  72  65  87  31    
  09  09  29  30  31  87  10  44  92  42  78  69  95  20  04  83  40  17  28  83  31  78  48  96  71  65  20  41  30  07  63  98  34  20  96  20  41  95  18  51  66  29  82  13  60  41  81  60  19  49  59  70  86  
11  18  05  59  00  00  00  38  38  21  12  48  41  36  57  81  02  09  18  98  69  06  90  83  56  58  86  48  63  38  18  33  19  97  04  75  93  51  28  93  39  08  20  34  71  28  41  77  57  40  01  31  99  94