49
                                                                                                67                                                                                                
                                                                                              47  14                                                                                              
                                                                                            89  35  64                                                                                            
                                                                                          77  96  11  03                                                                                          
                                                                                        09  33  09  47  17                                                                                        
                                                                                      61  97  81  86  49  48                                                                                      
                                                                                    43  37  83  41  44  96  27                                                                                    
                                                                                  31  62  00  75  95  59  87  85                                                                                  
                                                                                70  81  40  92  11  39  31  13  41                                                                                
                                                                              86  01  94  08  37  28  46  38  68  71                                                                              
                                                                            33  13  18  78  27  32  47  91  55  14  15                                                                            
                                                                          61  02  66  54  53  53  74  56  01  72  66  40                                                                          
                                                                        37  62  30  63  98  79  38  10  28  20  60  95  58                                                                        
                                                                      50  68  89  79  99  93  04  61  49  76  31  97  07  44                                                                      
                                                                    32  71  64  56  71  97  13  91  08  87  35  60  89  53  09                                                                    
                                                                  81  53  67  28  65  99  43  99  49  27  61  96  07  56  37  91                                                                  
                                                                67  28  17  62  81  22  83  13  18  55  12  27  19  38  16  59  67                                                                
                                                              36  01  76  20  85  97  77  61  54  23  03  55  62  48  02  63  61  95                                                              
                                                            39  08  20  47  74  25  19  10  72  70  05  45  24  96  85  16  71  85  33                                                            
                                                          09  98  72  98  60  16  63  39  48  45  68  17  91  36  80  15  63  18  02  72                                                          
                                                        63  88  42  97  27  60  08  72  81  95  93  05  96  92  15  82  02  82  02  36  15                                                        
                                                      40  31  48  69  09  32  22  22  98  27  56  84  98  94  26  82  33  99  28  10  62  59                                                      
                                                    98  05  08  24  44  97  19  16  81  74  10  88  32  91  61  13  19  40  73  43  33  89  32                                                    
                                                  82  65  24  41  78  01  27  81  72  36  51  41  84  73  07  29  51  47  50  96  90  26  06  16                                                  
                                                52  56  57  66  85  77  70  00  50  61  21  57  26  64  98  01  30  88  26  37  47  90  31  98  01                                                
                                              00  00  34  68  38  02  60  46  46  22  89  68  64  25  41  78  47  79  02  63  13  25  62  18  56  62                                              
                                            57  30  31  39  20  42  02  79  24  51  99  04  61  14  33  07  44  26  36  68  97  10  90  44  42  60  14                                            
                                          36  69  42  99  59  07  76  91  55  86  21  80  55  67  01  60  69  16  04  23  89  21  01  28  53  61  14  11                                          
                                        86  48  62  83  20  17  52  10  25  72  96  93  38  26  45  81  89  83  04  66  18  80  04  32  26  85  78  21  60                                        
                                      57  01  87  19  95  47  08  81  10  79  28  59  48  72  49  76  69  89  69  01  81  47  74  59  75  71  46  77  20  70                                      
                                    08  50  78  00  99  42  05  11  37  29  37  58  25  10  21  75  20  19  54  09  44  07  04  18  55  44  87  63  36  82  60                                    
                                  87  29  09  41  68  72  58  67  77  33  46  72  74  37  68  58  23  52  51  41  34  95  65  17  65  91  83  62  09  15  67  57                                  
                                39  91  24  15  31  99  62  51  35  10  94  99  73  26  98  56  92  17  60  51  33  86  36  57  30  21  55  79  90  39  25  54  63                                
                              04  18  53  09  66  63  50  84  29  64  14  41  75  65  98  73  90  61  64  49  05  81  36  43  17  26  82  26  99  19  74  08  92  34                              
                            46  78  57  35  53  81  13  41  51  47  80  17  35  25  40  20  29  84  94  01  86  05  00  84  99  27  76  64  50  40  57  04  17  81  40                            
                          10  03  81  95  63  68  65  84  35  33  99  90  60  66  43  16  99  71  74  84  59  41  36  14  67  42  80  11  19  77  52  12  10  86  86  68                          
                        78  89  57  79  91  96  99  78  85  07  70  82  81  92  84  60  05  49  21  63  17  84  34  32  30  82  68  17  06  14  75  14  49  53  47  66  96                        
                      69  24  93  77  98  64  32  37  96  92  56  63  93  80  85  42  39  22  45  78  70  52  80  53  96  70  67  19  28  45  47  94  44  14  91  23  81  54                      
                    03  59  74  01  73  56  83  05  11  39  11  83  91  48  43  14  16  88  34  70  78  60  85  66  06  27  85  38  41  06  01  73  20  41  41  26  33  23  58                    
                  53  58  77  14  66  29  31  41  96  12  77  14  19  45  35  20  36  66  02  39  28  47  94  80  22  36  12  17  21  68  26  01  31  67  47  17  21  08  33  46                  
                03  30  16  80  59  39  54  76  73  47  81  64  15  30  22  39  60  89  39  96  35  25  31  28  44  10  87  79  78  95  28  82  54  24  67  38  37  43  80  09  35                
              68  13  08  28  14  94  44  79  99  87  26  12  61  34  06  70  17  29  12  34  27  58  88  39  59  11  05  39  78  69  58  75  79  26  27  77  54  54  02  47  83  81              
            45  96  42  23  54  83  00  18  66  78  14  55  08  94  38  02  96  01  96  10  54  11  61  40  16  11  60  90  03  56  38  96  46  43  99  99  46  36  24  98  49  27  78            
          69  60  05  05  76  55  60  70  02  71  79  73  85  47  13  51  95  04  79  83  98  96  17  79  03  80  05  16  13  15  13  43  03  51  92  30  33  28  01  20  84  68  55  14          
        33  33  73  15  45  57  16  97  07  66  23  50  11  77  66  85  21  76  99  39  26  34  54  91  49  77  84  10  83  26  64  98  70  49  83  81  46  45  90  46  15  27  80  68  07        
      86  66  37  75  75  09  31  06  31  95  07  86  51  12  96  35  90  52  47  37  84  39  61  11  62  75  94  70  70  12  54  50  14  03  58  15  82  65  49  93  90  67  98  64  24  44      
    60  13  92  72  17  57  02  66  81  68  08  25  87  13  75  11  37  87  13  61  17  12  48  66  20  60  76  38  75  41  14  45  64  33  38  54  55  63  60  19  04  17  90  37  40  05  84    
  97  25  50  53  33  41  41  00  16  45  07  37  66  06  93  80  61  59  00  50  47  07  27  52  63  93  02  42  34  99  98  40  54  53  51  90  13  13  65  48  08  05  34  93  73  55  15  05  
20  28  21  64  49  16  10  57  90  81  89  60  41  62  63  86  35  05  36  69  15  14  22  16  77  51  68  63  41  30  44  80  05  35  00  43  39  03  81  71  00  48  77  04  97  11  26  47  60