50
2
2 2
3
3 2 2
3
1 1 2
3
2 3 1
25
45 44 36 33 46 36 54 41 48 41 34 34 36 33 38 45 37 59 40 34 35 34 44 39 27
23
37 42 40 54 38 46 40 46 41 40 31 53 38 45 48 43 40 44 42 46 44 46 47
26
1 1 1 1 1 1 1 1 1 1 1 1 1 1 1 1 1 1 1 1 1 1 1 1 1 1
3
309 353 333
26
288 266 17 24 17 17 21 16 24 13 25 16 16 19 21 12 20 25 22 13 20 23 13 14 14 24
3
3 3 3
15
70 65 59 76 69 69 67 50 69 74 55 67 70 71 65
26
29 20 182 26 19 17 22 14 15 177 20 11 19 22 24 17 22 181 22 18 17 22 28 15 25 16
5
204 184 182 208 220
26
25 1 1 1 1 1 1 1 1 1 1 1 1 1 1 1 1 1 1 1 1 1 1 1 1 1
26
35 35 44 39 37 35 37 36 38 31 53 44 32 39 42 37 45 38 44 36 32 38 48 34 34 37
26
41 35 35 49 28 33 30 43 44 42 49 35 42 39 33 39 53 34 37 46 38 36 33 31 34 41
26
41 32 35 34 33 38 41 40 45 30 34 33 42 39 38 36 46 39 36 44 41 32 30 41 53 47
7
142 144 134 169 126 143 134
3
3 4 1
3
322 355 323
3
1 1 1
26
160 134 133 159 16 16 25 22 29 15 19 18 18 26 19 16 19 26 13 16 19 16 20 20 12 14
16
1 1 15 1 1 1 1 1 1 1 1 1 1 1 1 1
26
27 116 18 18 22 129 23 16 116 19 19 19 22 20 105 16 14 18 19 22 25 18 23 20 114 22
26
107 18 23 17 17 13 17 17 23 24 107 26 17 24 112 23 122 22 24 28 22 21 25 15 116 20
12
76 86 90 70 90 95 73 81 80 105 75 78
26
31 40 38 45 33 41 44 38 28 44 37 49 35 35 41 36 34 46 42 24 44 38 42 45 32 38
5
184 190 222 202 198
3
4 2 3
10
9 1 9 1 9 1 9 1 9 1
3
4 1 3
26
252 263 30 20 22 23 27 20 23 23 17 11 9 17 23 22 26 20 15 17 21 20 14 17 23 25
26
35 43 38 40 39 39 36 33 45 44 29 35 44 36 32 28 41 48 31 43 31 40 41 33 42 54
26
20 1 20 1 20 1 20 1 20 1 20 1 20 1 20 1 20 1 20 1 20 1 20 1 20 1
3
1 3 4
26
21 15 22 20 19 27 22 20 22 27 25 17 16 273 11 10 275 16 15 14 13 26 16 16 25 17
23
32 45 43 48 43 42 48 42 38 38 53 48 34 39 42 50 40 44 42 44 45 46 51
8
118 136 129 134 112 116 112 139
4
231 254 245 261
26
34 34 41 30 50 38 40 46 27 43 31 33 31 40 45 35 46 39 46 37 44 39 45 38 35 33
15
63 61 67 61 73 60 49 60 79 72 76 90 57 72 58
26
111 120 123 114 139 25 22 21 21 17 21 10 16 21 14 19 16 13 17 22 13 22 22 18 19 24
3
3 2 4
26
171 179 197 20 18 11 26 21 19 20 19 23 20 22 20 23 15 20 26 16 18 16 17 18 22 23
2
3 3
3
3 1 4
25
36 30 42 46 40 45 39 39 38 33 37 32 47 49 46 41 34 36 27 47 43 52 31 40 42
2
4 4
26
27 35 40 34 42 46 38 34 35 47 35 47 50 49 31 37 41 42 44 30 45 39 25 40 32 31
3
2 2 2
