Case #1:
11010011110111111101001111011111 73 2 3 2 19 2 2671 2 3
10110001110100011011000111010001 7 2 23 2 23 2 5 2 7
11101010111101111110101011110111 7 2 3 2 23 2 71 2 3
11101010011111111110101001111111 173 2 3 2 59 2 83 2 3
11000100010001111100010001000111 3 11 2069 3 19 73 3 233 331
11010011000000011101001100000001 19 2 3 2 131 2 67 2 3
10111110001010111011111000101011 89 2 7 2 5 2 11 2 19
11010000111111011101000011111101 7 2 29 2 5 2 1913 2 173
11111111001100011111111100110001 11 5 227 37 53 5749 5 19 4339
11101110100010111110111010001011 79 2 19 2 5 2 647 2 113
11100010101000011110001010100001 3 17 991 3 13 313 3 17 4327
10101010110100111010101011010011 3 11 3 3 13 3 3 599 3
10001001111100111000101110010111 5 13 3 31 43 3 73 7 3
10001001111100111000110011110101 5 13 3 31 43 3 73 7 3
10001001111100111000111110110001 5 13 3 31 43 3 73 7 3
10001001111100111001100010110111 5 13 3 31 43 3 73 7 3
10001001111100111010100100011111 5 13 3 31 43 3 73 7 3
10001001111100111010110001100111 5 13 3 31 43 3 73 7 3
10001001111100111011100010110101 5 13 3 31 43 3 73 7 3
10001001111100111100011100110011 5 13 3 31 43 3 73 7 3
10001001111100111100100011010111 5 13 3 31 43 3 73 7 3
10001001111100111100110000011111 5 13 3 31 43 3 73 7 3
10001001111100111100110111000011 5 13 3 31 43 3 73 7 3
10001001111100111110011100110001 5 13 3 31 43 3 73 7 3
10001001111100111110100011010101 5 13 3 31 43 3 73 7 3
10001001111100111110100100011011 5 13 3 31 43 3 73 7 3
10001001111100111110101110010001 5 13 3 31 43 3 73 7 3
10001001111100111111000000110111 5 13 3 31 43 3 73 7 3
10001001111100111111100010110001 5 13 3 31 43 3 73 7 3
10001011100101111000110011110101 5 13 3 31 43 3 73 7 3
10001011100101111000111110110001 5 13 3 31 43 3 73 7 3
10001011100101111001100010110111 5 13 3 31 43 3 73 7 3
10001011100101111010100100011111 5 13 3 31 43 3 73 7 3
10001011100101111010110001100111 5 13 3 31 43 3 73 7 3
10001011100101111011100010110101 5 13 3 31 43 3 73 7 3
10001011100101111100011100110011 5 13 3 31 43 3 73 7 3
10001011100101111100100011010111 5 13 3 31 43 3 73 7 3
10001011100101111100110000011111 5 13 3 31 43 3 73 7 3
10001011100101111100110111000011 5 13 3 31 43 3 73 7 3
10001011100101111110011100110001 5 13 3 31 43 3 73 7 3
10001011100101111110100011010101 5 13 3 31 43 3 73 7 3
10001011100101111110100100011011 5 13 3 31 43 3 73 7 3
10001011100101111110101110010001 5 13 3 31 43 3 73 7 3
10001011100101111111000000110111 5 13 3 31 43 3 73 7 3
10001011100101111111100010110001 5 13 3 31 43 3 73 7 3
10001100111101011000111110110001 5 13 3 31 43 3 73 7 3
10001100111101011001100010110111 5 13 3 31 43 3 73 7 3
10001100111101011010100100011111 5 13 3 31 43 3 73 7 3
10001100111101011010110001100111 5 13 3 31 43 3 73 7 3
10001100111101011011100010110101 5 13 3 31 43 3 73 7 3
10001100111101011100011100110011 5 13 3 31 43 3 73 7 3
10001100111101011100100011010111 5 13 3 31 43 3 73 7 3
10001100111101011100110000011111 5 13 3 31 43 3 73 7 3
10001100111101011100110111000011 5 13 3 31 43 3 73 7 3
10001100111101011110011100110001 5 13 3 31 43 3 73 7 3
10001100111101011110100011010101 5 13 3 31 43 3 73 7 3
10001100111101011110100100011011 5 13 3 31 43 3 73 7 3
10001100111101011110101110010001 5 13 3 31 43 3 73 7 3
10001100111101011111000000110111 5 13 3 31 43 3 73 7 3
10001100111101011111100010110001 5 13 3 31 43 3 73 7 3
10001111101100011001100010110111 5 13 3 31 43 3 73 7 3
10001111101100011010100100011111 5 13 3 31 43 3 73 7 3
10001111101100011010110001100111 5 13 3 31 43 3 73 7 3
10001111101100011011100010110101 5 13 3 31 43 3 73 7 3
10001111101100011100011100110011 5 13 3 31 43 3 73 7 3
10001111101100011100100011010111 5 13 3 31 43 3 73 7 3
10001111101100011100110000011111 5 13 3 31 43 3 73 7 3
10001111101100011100110111000011 5 13 3 31 43 3 73 7 3
10001111101100011110011100110001 5 13 3 31 43 3 73 7 3
10001111101100011110100011010101 5 13 3 31 43 3 73 7 3
10001111101100011110100100011011 5 13 3 31 43 3 73 7 3
10001111101100011110101110010001 5 13 3 31 43 3 73 7 3
10001111101100011111000000110111 5 13 3 31 43 3 73 7 3
10001111101100011111100010110001 5 13 3 31 43 3 73 7 3
10011000101101111010100100011111 5 13 3 31 43 3 73 7 3
10011000101101111010110001100111 5 13 3 31 43 3 73 7 3
10011000101101111011100010110101 5 13 3 31 43 3 73 7 3
10011000101101111100011100110011 5 13 3 31 43 3 73 7 3
10011000101101111100100011010111 5 13 3 31 43 3 73 7 3
10011000101101111100110000011111 5 13 3 31 43 3 73 7 3
10011000101101111100110111000011 5 13 3 31 43 3 73 7 3
10011000101101111110011100110001 5 13 3 31 43 3 73 7 3
10011000101101111110100011010101 5 13 3 31 43 3 73 7 3
10011000101101111110100100011011 5 13 3 31 43 3 73 7 3
10011000101101111110101110010001 5 13 3 31 43 3 73 7 3
10011000101101111111000000110111 5 13 3 31 43 3 73 7 3
10011000101101111111100010110001 5 13 3 31 43 3 73 7 3
10101001000111111010110001100111 5 13 3 31 43 3 73 7 3
10101001000111111011100010110101 5 13 3 31 43 3 73 7 3
10101001000111111100011100110011 5 13 3 31 43 3 73 7 3
10101001000111111100100011010111 5 13 3 31 43 3 73 7 3
10101001000111111100110000011111 5 13 3 31 43 3 73 7 3
10101001000111111100110111000011 5 13 3 31 43 3 73 7 3
10101001000111111110011100110001 5 13 3 31 43 3 73 7 3
10101001000111111110100011010101 5 13 3 31 43 3 73 7 3
10101001000111111110100100011011 5 13 3 31 43 3 73 7 3
10101001000111111110101110010001 5 13 3 31 43 3 73 7 3
10101001000111111111000000110111 5 13 3 31 43 3 73 7 3
10101001000111111111100010110001 5 13 3 31 43 3 73 7 3
10101100011001111011100010110101 5 13 3 31 43 3 73 7 3
10101100011001111100011100110011 5 13 3 31 43 3 73 7 3
10101100011001111100100011010111 5 13 3 31 43 3 73 7 3
10101100011001111100110000011111 5 13 3 31 43 3 73 7 3
10101100011001111100110111000011 5 13 3 31 43 3 73 7 3
10101100011001111110011100110001 5 13 3 31 43 3 73 7 3
10101100011001111110100011010101 5 13 3 31 43 3 73 7 3
10101100011001111110100100011011 5 13 3 31 43 3 73 7 3
10101100011001111110101110010001 5 13 3 31 43 3 73 7 3
10101100011001111111000000110111 5 13 3 31 43 3 73 7 3
10101100011001111111100010110001 5 13 3 31 43 3 73 7 3
10111000101101011100011100110011 5 13 3 31 43 3 73 7 3
10111000101101011100100011010111 5 13 3 31 43 3 73 7 3
10111000101101011100110000011111 5 13 3 31 43 3 73 7 3
10111000101101011100110111000011 5 13 3 31 43 3 73 7 3
10111000101101011110011100110001 5 13 3 31 43 3 73 7 3
10111000101101011110100011010101 5 13 3 31 43 3 73 7 3
10111000101101011110100100011011 5 13 3 31 43 3 73 7 3
10111000101101011110101110010001 5 13 3 31 43 3 73 7 3
10111000101101011111000000110111 5 13 3 31 43 3 73 7 3
10111000101101011111100010110001 5 13 3 31 43 3 73 7 3
11000111001100111100100011010111 5 13 3 31 43 3 73 7 3
11000111001100111100110000011111 5 13 3 31 43 3 73 7 3
11000111001100111100110111000011 5 13 3 31 43 3 73 7 3
11000111001100111110011100110001 5 13 3 31 43 3 73 7 3
11000111001100111110100011010101 5 13 3 31 43 3 73 7 3
11000111001100111110100100011011 5 13 3 31 43 3 73 7 3
11000111001100111110101110010001 5 13 3 31 43 3 73 7 3
11000111001100111111000000110111 5 13 3 31 43 3 73 7 3
11000111001100111111100010110001 5 13 3 31 43 3 73 7 3
11001000110101111100110000011111 5 13 3 31 43 3 73 7 3
11001000110101111100110111000011 5 13 3 31 43 3 73 7 3
11001000110101111110011100110001 5 13 3 31 43 3 73 7 3
11001000110101111110100011010101 5 13 3 31 43 3 73 7 3
11001000110101111110100100011011 5 13 3 31 43 3 73 7 3
11001000110101111110101110010001 5 13 3 31 43 3 73 7 3
11001000110101111111000000110111 5 13 3 31 43 3 73 7 3
11001000110101111111100010110001 5 13 3 31 43 3 73 7 3
11001100000111111100110111000011 5 13 3 31 43 3 73 7 3
11001100000111111110011100110001 5 13 3 31 43 3 73 7 3
11001100000111111110100011010101 5 13 3 31 43 3 73 7 3
11001100000111111110100100011011 5 13 3 31 43 3 73 7 3
11001100000111111110101110010001 5 13 3 31 43 3 73 7 3
11001100000111111111000000110111 5 13 3 31 43 3 73 7 3
11001100000111111111100010110001 5 13 3 31 43 3 73 7 3
11001101110000111110011100110001 5 13 3 31 43 3 73 7 3
11001101110000111110100011010101 5 13 3 31 43 3 73 7 3
11001101110000111110100100011011 5 13 3 31 43 3 73 7 3
11001101110000111110101110010001 5 13 3 31 43 3 73 7 3
11001101110000111111000000110111 5 13 3 31 43 3 73 7 3
11001101110000111111100010110001 5 13 3 31 43 3 73 7 3
11100111001100011110100011010101 5 13 3 31 43 3 73 7 3
11100111001100011110100100011011 5 13 3 31 43 3 73 7 3
11100111001100011110101110010001 5 13 3 31 43 3 73 7 3
11100111001100011111000000110111 5 13 3 31 43 3 73 7 3
11100111001100011111100010110001 5 13 3 31 43 3 73 7 3
11101000110101011110100100011011 5 13 3 31 43 3 73 7 3
11101000110101011110101110010001 5 13 3 31 43 3 73 7 3
11101000110101011111000000110111 5 13 3 31 43 3 73 7 3
11101000110101011111100010110001 5 13 3 31 43 3 73 7 3
11101001000110111110101110010001 5 13 3 31 43 3 73 7 3
11101001000110111111000000110111 5 13 3 31 43 3 73 7 3
11101001000110111111100010110001 5 13 3 31 43 3 73 7 3
11101011100100011111000000110111 5 13 3 31 43 3 73 7 3
11101011100100011111100010110001 5 13 3 31 43 3 73 7 3
11110000001101111111100010110001 5 13 3 31 43 3 73 7 3
10111001100010111011100110001011 3 59 3 3 29 3 3 1567 3
11000001101011111100000110101111 179 2789 3 197 23 3 11 131 3
10111100111101011011110011110101 13 7 79 167 29 227 2089 491 7
11001110010001011100111001000101 5 2 7 2 1097 2 587 2 1499
10001010101110111000101010111011 5 59 3 41 1237 3 6037 5 3
11000100110111011100010011011101 3 67 3 3 17 3 3 11 3
10101010100101111010101010010111 3 59 3 3 23 3 3 1223 3
10011011111101011001101111110101 5 29 7 11 389 5 1663 47 43
11001110010101011100111001010101 3 5 3 3 149 3 3 1051 3
10000100110111011000010011011101 7 2 983 2 11 2 5 2 29
10011010101100111001101010110011 3 139 3 3 11 3 3 23 3
11110110101000011111011010100001 19 1433 3 19 4523 3 653 2011 3
11100011000101111110001100010111 5 13 3 23 23 3 73 7 3
10101000100100011010100010010001 11 2 3 2 853 2 53 2 3
10101010011011111010101001101111 7 2 29 2 5 2 23 2 19
11111010001110011111101000111001 7 2 19 2 5 2 23 2 227
10000010000100111000001000010011 7 5 163 37 5 23 5 7 17
11000000110010111100000011001011 5 41 7 7 13 5 7 97 47
10111110101011011011111010101101 3 7 11 3 31 43 3 17 7
10111101110010111011110111001011 7 5 29 137 19 61 5 7 7
10111010100101111011101010010111 37 2 23 2 5 2 53 2 3517
11000000110111011100000011011101 97 2 23 2 13 2 5 2 17
10000101011101111000110010101111 3 7 3 3 31 3 3 7 3
10000101011101111000110101010111 3 7 3 3 31 3 3 7 3
10000101011101111000111010100111 3 7 3 3 31 3 3 7 3
10000101011101111000111110100011 3 7 3 3 31 3 3 7 3
10000101011101111001110100010111 3 7 3 3 31 3 3 7 3
10000101011101111001110110010101 3 7 3 3 31 3 3 7 3
10000101011101111010010101110101 3 7 3 3 31 3 3 7 3
10000101011101111010100000111111 3 7 3 3 31 3 3 7 3
10000101011101111010100110111001 3 7 3 3 31 3 3 7 3
10000101011101111010101000110111 3 7 3 3 31 3 3 7 3
10000101011101111010101010110101 3 7 3 3 31 3 3 7 3
10000101011101111010110000101111 3 7 3 3 31 3 3 7 3
10000101011101111010110010101101 3 7 3 3 31 3 3 7 3
10000101011101111010110100101011 3 7 3 3 31 3 3 7 3
10000101011101111010110101010101 3 7 3 3 31 3 3 7 3
10000101011101111010111110100001 3 7 3 3 31 3 3 7 3
10000101011101111100010001110111 3 7 3 3 31 3 3 7 3
10000101011101111100010111110001 3 7 3 3 31 3 3 7 3
10000101011101111100101010110011 3 7 3 3 31 3 3 7 3
10000101011101111100110010101011 3 7 3 3 31 3 3 7 3
10000101011101111100110011010101 3 7 3 3 31 3 3 7 3
10000101011101111100110101010011 3 7 3 3 31 3 3 7 3
10000101011101111100111010100011 3 7 3 3 31 3 3 7 3
10000101011101111101010000110111 3 7 3 3 31 3 3 7 3
10000101011101111101110000010111 3 7 3 3 31 3 3 7 3
10000101011101111101110010010101 3 7 3 3 31 3 3 7 3
10000101011101111101110100010011 3 7 3 3 31 3 3 7 3
10000101011101111110010101110001 3 7 3 3 31 3 3 7 3
10000101011101111110100000111011 3 7 3 3 31 3 3 7 3
10000101011101111110101000110011 3 7 3 3 31 3 3 7 3
10000101011101111110110010101001 3 7 3 3 31 3 3 7 3
10000101011101111110110101010001 3 7 3 3 31 3 3 7 3
10000101011101111110111010100001 3 7 3 3 31 3 3 7 3
10000101011101111111010000110101 3 7 3 3 31 3 3 7 3
10000101011101111111110000010101 3 7 3 3 31 3 3 7 3
10000101011101111111110100010001 3 7 3 3 31 3 3 7 3
10001100101011111000110101010111 3 7 3 3 31 3 3 7 3
10001100101011111000111010100111 3 7 3 3 31 3 3 7 3
10001100101011111000111110100011 3 7 3 3 31 3 3 7 3
10001100101011111001110100010111 3 7 3 3 31 3 3 7 3
10001100101011111001110110010101 3 7 3 3 31 3 3 7 3
10001100101011111010010101110101 3 7 3 3 31 3 3 7 3
10001100101011111010100000111111 3 7 3 3 31 3 3 7 3
10001100101011111010100110111001 3 7 3 3 31 3 3 7 3
10001100101011111010101000110111 3 7 3 3 31 3 3 7 3
10001100101011111010101010110101 3 7 3 3 31 3 3 7 3
10001100101011111010110000101111 3 7 3 3 31 3 3 7 3
10001100101011111010110010101101 3 7 3 3 31 3 3 7 3
10001100101011111010110100101011 3 7 3 3 31 3 3 7 3
10001100101011111010110101010101 3 7 3 3 31 3 3 7 3
10001100101011111010111110100001 3 7 3 3 31 3 3 7 3
10001100101011111100010001110111 3 7 3 3 31 3 3 7 3
10001100101011111100010111110001 3 7 3 3 31 3 3 7 3
10001100101011111100101010110011 3 7 3 3 31 3 3 7 3
10001100101011111100110010101011 3 7 3 3 31 3 3 7 3
10001100101011111100110011010101 3 7 3 3 31 3 3 7 3
10001100101011111100110101010011 3 7 3 3 31 3 3 7 3
10001100101011111100111010100011 3 7 3 3 31 3 3 7 3
10001100101011111101010000110111 3 7 3 3 31 3 3 7 3
10001100101011111101110000010111 3 7 3 3 31 3 3 7 3
10001100101011111101110010010101 3 7 3 3 31 3 3 7 3
10001100101011111101110100010011 3 7 3 3 31 3 3 7 3
10001100101011111110010101110001 3 7 3 3 31 3 3 7 3
10001100101011111110100000111011 3 7 3 3 31 3 3 7 3
10001100101011111110101000110011 3 7 3 3 31 3 3 7 3
10001100101011111110110010101001 3 7 3 3 31 3 3 7 3
10001100101011111110110101010001 3 7 3 3 31 3 3 7 3
10001100101011111110111010100001 3 7 3 3 31 3 3 7 3
10001100101011111111010000110101 3 7 3 3 31 3 3 7 3
10001100101011111111110000010101 3 7 3 3 31 3 3 7 3
10001100101011111111110100010001 3 7 3 3 31 3 3 7 3
10001101010101111000111010100111 3 7 3 3 31 3 3 7 3
10001101010101111000111110100011 3 7 3 3 31 3 3 7 3
10001101010101111001110100010111 3 7 3 3 31 3 3 7 3
10001101010101111001110110010101 3 7 3 3 31 3 3 7 3
10001101010101111010010101110101 3 7 3 3 31 3 3 7 3
10001101010101111010100000111111 3 7 3 3 31 3 3 7 3
10001101010101111010100110111001 3 7 3 3 31 3 3 7 3
10001101010101111010101000110111 3 7 3 3 31 3 3 7 3
10001101010101111010101010110101 3 7 3 3 31 3 3 7 3
10001101010101111010110000101111 3 7 3 3 31 3 3 7 3
10001101010101111010110010101101 3 7 3 3 31 3 3 7 3
10001101010101111010110100101011 3 7 3 3 31 3 3 7 3
10001101010101111010110101010101 3 7 3 3 31 3 3 7 3
10001101010101111010111110100001 3 7 3 3 31 3 3 7 3
10001101010101111100010001110111 3 7 3 3 31 3 3 7 3
10001101010101111100010111110001 3 7 3 3 31 3 3 7 3
10001101010101111100101010110011 3 7 3 3 31 3 3 7 3
10001101010101111100110010101011 3 7 3 3 31 3 3 7 3
10001101010101111100110011010101 3 7 3 3 31 3 3 7 3
10001101010101111100110101010011 3 7 3 3 31 3 3 7 3
10001101010101111100111010100011 3 7 3 3 31 3 3 7 3
10001101010101111101010000110111 3 7 3 3 31 3 3 7 3
10001101010101111101110000010111 3 7 3 3 31 3 3 7 3
10001101010101111101110010010101 3 7 3 3 31 3 3 7 3
10001101010101111101110100010011 3 7 3 3 31 3 3 7 3
10001101010101111110010101110001 3 7 3 3 31 3 3 7 3
10001101010101111110100000111011 3 7 3 3 31 3 3 7 3
10001101010101111110101000110011 3 7 3 3 31 3 3 7 3
10001101010101111110110010101001 3 7 3 3 31 3 3 7 3
10001101010101111110110101010001 3 7 3 3 31 3 3 7 3
10001101010101111110111010100001 3 7 3 3 31 3 3 7 3
10001101010101111111010000110101 3 7 3 3 31 3 3 7 3
10001101010101111111110000010101 3 7 3 3 31 3 3 7 3
10001101010101111111110100010001 3 7 3 3 31 3 3 7 3
10001110101001111000111110100011 3 7 3 3 31 3 3 7 3
10001110101001111001110100010111 3 7 3 3 31 3 3 7 3
10001110101001111001110110010101 3 7 3 3 31 3 3 7 3
10001110101001111010010101110101 3 7 3 3 31 3 3 7 3
10001110101001111010100000111111 3 7 3 3 31 3 3 7 3
10001110101001111010100110111001 3 7 3 3 31 3 3 7 3
10001110101001111010101000110111 3 7 3 3 31 3 3 7 3
10001110101001111010101010110101 3 7 3 3 31 3 3 7 3
10001110101001111010110000101111 3 7 3 3 31 3 3 7 3
10001110101001111010110010101101 3 7 3 3 31 3 3 7 3
10001110101001111010110100101011 3 7 3 3 31 3 3 7 3
10001110101001111010110101010101 3 7 3 3 31 3 3 7 3
10001110101001111010111110100001 3 7 3 3 31 3 3 7 3
10001110101001111100010001110111 3 7 3 3 31 3 3 7 3
10001110101001111100010111110001 3 7 3 3 31 3 3 7 3
10001110101001111100101010110011 3 7 3 3 31 3 3 7 3
10001110101001111100110010101011 3 7 3 3 31 3 3 7 3
10001110101001111100110011010101 3 7 3 3 31 3 3 7 3
10001110101001111100110101010011 3 7 3 3 31 3 3 7 3
10001110101001111100111010100011 3 7 3 3 31 3 3 7 3
10001110101001111101010000110111 3 7 3 3 31 3 3 7 3
10001110101001111101110000010111 3 7 3 3 31 3 3 7 3
10001110101001111101110010010101 3 7 3 3 31 3 3 7 3
10001110101001111101110100010011 3 7 3 3 31 3 3 7 3
10001110101001111110010101110001 3 7 3 3 31 3 3 7 3
10001110101001111110100000111011 3 7 3 3 31 3 3 7 3
10001110101001111110101000110011 3 7 3 3 31 3 3 7 3
10001110101001111110110010101001 3 7 3 3 31 3 3 7 3
10001110101001111110110101010001 3 7 3 3 31 3 3 7 3
10001110101001111110111010100001 3 7 3 3 31 3 3 7 3
10001110101001111111010000110101 3 7 3 3 31 3 3 7 3
10001110101001111111110000010101 3 7 3 3 31 3 3 7 3
10001110101001111111110100010001 3 7 3 3 31 3 3 7 3
10001111101000111001110100010111 3 7 3 3 31 3 3 7 3
10001111101000111001110110010101 3 7 3 3 31 3 3 7 3
10001111101000111010010101110101 3 7 3 3 31 3 3 7 3
10001111101000111010100000111111 3 7 3 3 31 3 3 7 3
10001111101000111010100110111001 3 7 3 3 31 3 3 7 3
10001111101000111010101000110111 3 7 3 3 31 3 3 7 3
10001111101000111010101010110101 3 7 3 3 31 3 3 7 3
10001111101000111010110000101111 3 7 3 3 31 3 3 7 3
10001111101000111010110010101101 3 7 3 3 31 3 3 7 3
10001111101000111010110100101011 3 7 3 3 31 3 3 7 3
10001111101000111010110101010101 3 7 3 3 31 3 3 7 3
10001111101000111010111110100001 3 7 3 3 31 3 3 7 3
10001111101000111100010001110111 3 7 3 3 31 3 3 7 3
10001111101000111100010111110001 3 7 3 3 31 3 3 7 3
10001111101000111100101010110011 3 7 3 3 31 3 3 7 3
10001111101000111100110010101011 3 7 3 3 31 3 3 7 3
10001111101000111100110011010101 3 7 3 3 31 3 3 7 3
10001111101000111100110101010011 3 7 3 3 31 3 3 7 3
10001111101000111100111010100011 3 7 3 3 31 3 3 7 3
10001111101000111101010000110111 3 7 3 3 31 3 3 7 3
10001111101000111101110000010111 3 7 3 3 31 3 3 7 3
10001111101000111101110010010101 3 7 3 3 31 3 3 7 3
10001111101000111101110100010011 3 7 3 3 31 3 3 7 3
10001111101000111110010101110001 3 7 3 3 31 3 3 7 3
10001111101000111110100000111011 3 7 3 3 31 3 3 7 3
10001111101000111110101000110011 3 7 3 3 31 3 3 7 3
10001111101000111110110010101001 3 7 3 3 31 3 3 7 3
10001111101000111110110101010001 3 7 3 3 31 3 3 7 3
10001111101000111110111010100001 3 7 3 3 31 3 3 7 3
10001111101000111111010000110101 3 7 3 3 31 3 3 7 3
10001111101000111111110000010101 3 7 3 3 31 3 3 7 3
10001111101000111111110100010001 3 7 3 3 31 3 3 7 3
10011101000101111001110110010101 3 7 3 3 31 3 3 7 3
10011101000101111010010101110101 3 7 3 3 31 3 3 7 3
10011101000101111010100000111111 3 7 3 3 31 3 3 7 3
10011101000101111010100110111001 3 7 3 3 31 3 3 7 3
10011101000101111010101000110111 3 7 3 3 31 3 3 7 3
10011101000101111010101010110101 3 7 3 3 31 3 3 7 3
10011101000101111010110000101111 3 7 3 3 31 3 3 7 3
10011101000101111010110010101101 3 7 3 3 31 3 3 7 3
10011101000101111010110100101011 3 7 3 3 31 3 3 7 3
10011101000101111010110101010101 3 7 3 3 31 3 3 7 3
10011101000101111010111110100001 3 7 3 3 31 3 3 7 3
10011101000101111100010001110111 3 7 3 3 31 3 3 7 3
10011101000101111100010111110001 3 7 3 3 31 3 3 7 3
10011101000101111100101010110011 3 7 3 3 31 3 3 7 3
10011101000101111100110010101011 3 7 3 3 31 3 3 7 3
10011101000101111100110011010101 3 7 3 3 31 3 3 7 3
10011101000101111100110101010011 3 7 3 3 31 3 3 7 3
10011101000101111100111010100011 3 7 3 3 31 3 3 7 3
10011101000101111101010000110111 3 7 3 3 31 3 3 7 3
10011101000101111101110000010111 3 7 3 3 31 3 3 7 3
10011101000101111101110010010101 3 7 3 3 31 3 3 7 3
10011101000101111101110100010011 3 7 3 3 31 3 3 7 3
10011101000101111110010101110001 3 7 3 3 31 3 3 7 3
10011101000101111110100000111011 3 7 3 3 31 3 3 7 3
10011101000101111110101000110011 3 7 3 3 31 3 3 7 3
10011101000101111110110010101001 3 7 3 3 31 3 3 7 3
10011101000101111110110101010001 3 7 3 3 31 3 3 7 3
10011101000101111110111010100001 3 7 3 3 31 3 3 7 3
10011101000101111111010000110101 3 7 3 3 31 3 3 7 3
10011101000101111111110000010101 3 7 3 3 31 3 3 7 3
10011101000101111111110100010001 3 7 3 3 31 3 3 7 3
10011101100101011010010101110101 3 7 3 3 31 3 3 7 3
10011101100101011010100000111111 3 7 3 3 31 3 3 7 3
10011101100101011010100110111001 3 7 3 3 31 3 3 7 3
10011101100101011010101000110111 3 7 3 3 31 3 3 7 3
10011101100101011010101010110101 3 7 3 3 31 3 3 7 3
10011101100101011010110000101111 3 7 3 3 31 3 3 7 3
10011101100101011010110010101101 3 7 3 3 31 3 3 7 3
10011101100101011010110100101011 3 7 3 3 31 3 3 7 3
10011101100101011010110101010101 3 7 3 3 31 3 3 7 3
10011101100101011010111110100001 3 7 3 3 31 3 3 7 3
10011101100101011100010001110111 3 7 3 3 31 3 3 7 3
10011101100101011100010111110001 3 7 3 3 31 3 3 7 3
10011101100101011100101010110011 3 7 3 3 31 3 3 7 3
10011101100101011100110010101011 3 7 3 3 31 3 3 7 3
10011101100101011100110011010101 3 7 3 3 31 3 3 7 3
10011101100101011100110101010011 3 7 3 3 31 3 3 7 3
10011101100101011100111010100011 3 7 3 3 31 3 3 7 3
10011101100101011101010000110111 3 7 3 3 31 3 3 7 3
10011101100101011101110000010111 3 7 3 3 31 3 3 7 3
10011101100101011101110010010101 3 7 3 3 31 3 3 7 3
10011101100101011101110100010011 3 7 3 3 31 3 3 7 3
10011101100101011110010101110001 3 7 3 3 31 3 3 7 3
10011101100101011110100000111011 3 7 3 3 31 3 3 7 3
10011101100101011110101000110011 3 7 3 3 31 3 3 7 3
10011101100101011110110010101001 3 7 3 3 31 3 3 7 3
10011101100101011110110101010001 3 7 3 3 31 3 3 7 3
10011101100101011110111010100001 3 7 3 3 31 3 3 7 3
10011101100101011111010000110101 3 7 3 3 31 3 3 7 3
10011101100101011111110000010101 3 7 3 3 31 3 3 7 3
10011101100101011111110100010001 3 7 3 3 31 3 3 7 3
10100101011101011010100000111111 3 7 3 3 31 3 3 7 3
10100101011101011010100110111001 3 7 3 3 31 3 3 7 3
10100101011101011010101000110111 3 7 3 3 31 3 3 7 3
10100101011101011010101010110101 3 7 3 3 31 3 3 7 3
10100101011101011010110000101111 3 7 3 3 31 3 3 7 3
10100101011101011010110010101101 3 7 3 3 31 3 3 7 3
10100101011101011010110100101011 3 7 3 3 31 3 3 7 3
10100101011101011010110101010101 3 7 3 3 31 3 3 7 3
10100101011101011010111110100001 3 7 3 3 31 3 3 7 3
10100101011101011100010001110111 3 7 3 3 31 3 3 7 3
10100101011101011100010111110001 3 7 3 3 31 3 3 7 3
10100101011101011100101010110011 3 7 3 3 31 3 3 7 3
10100101011101011100110010101011 3 7 3 3 31 3 3 7 3
10100101011101011100110011010101 3 7 3 3 31 3 3 7 3
10100101011101011100110101010011 3 7 3 3 31 3 3 7 3
10100101011101011100111010100011 3 7 3 3 31 3 3 7 3
10100101011101011101010000110111 3 7 3 3 31 3 3 7 3
10100101011101011101110000010111 3 7 3 3 31 3 3 7 3
10100101011101011101110010010101 3 7 3 3 31 3 3 7 3
10100101011101011101110100010011 3 7 3 3 31 3 3 7 3
10100101011101011110010101110001 3 7 3 3 31 3 3 7 3
10100101011101011110100000111011 3 7 3 3 31 3 3 7 3
10100101011101011110101000110011 3 7 3 3 31 3 3 7 3
10100101011101011110110010101001 3 7 3 3 31 3 3 7 3
10100101011101011110110101010001 3 7 3 3 31 3 3 7 3
10100101011101011110111010100001 3 7 3 3 31 3 3 7 3
10100101011101011111010000110101 3 7 3 3 31 3 3 7 3
10100101011101011111110000010101 3 7 3 3 31 3 3 7 3
10100101011101011111110100010001 3 7 3 3 31 3 3 7 3
10101000001111111010100110111001 3 7 3 3 31 3 3 7 3
10101000001111111010101000110111 3 7 3 3 31 3 3 7 3
10101000001111111010101010110101 3 7 3 3 31 3 3 7 3
10101000001111111010110000101111 3 7 3 3 31 3 3 7 3
10101000001111111010110010101101 3 7 3 3 31 3 3 7 3
10101000001111111010110100101011 3 7 3 3 31 3 3 7 3
10101000001111111010110101010101 3 7 3 3 31 3 3 7 3
10101000001111111010111110100001 3 7 3 3 31 3 3 7 3
10101000001111111100010001110111 3 7 3 3 31 3 3 7 3
10101000001111111100010111110001 3 7 3 3 31 3 3 7 3
10101000001111111100101010110011 3 7 3 3 31 3 3 7 3
10101000001111111100110010101011 3 7 3 3 31 3 3 7 3
10101000001111111100110011010101 3 7 3 3 31 3 3 7 3
10101000001111111100110101010011 3 7 3 3 31 3 3 7 3
10101000001111111100111010100011 3 7 3 3 31 3 3 7 3
10101000001111111101010000110111 3 7 3 3 31 3 3 7 3
10101000001111111101110000010111 3 7 3 3 31 3 3 7 3
10101000001111111101110010010101 3 7 3 3 31 3 3 7 3
10101000001111111101110100010011 3 7 3 3 31 3 3 7 3
10101000001111111110010101110001 3 7 3 3 31 3 3 7 3
10101000001111111110100000111011 3 7 3 3 31 3 3 7 3
10101000001111111110101000110011 3 7 3 3 31 3 3 7 3
10101000001111111110110010101001 3 7 3 3 31 3 3 7 3
10101000001111111110110101010001 3 7 3 3 31 3 3 7 3
10101000001111111110111010100001 3 7 3 3 31 3 3 7 3
10101000001111111111010000110101 3 7 3 3 31 3 3 7 3
10101000001111111111110000010101 3 7 3 3 31 3 3 7 3
10101000001111111111110100010001 3 7 3 3 31 3 3 7 3
10101001101110011010101000110111 3 7 3 3 31 3 3 7 3
10101001101110011010101010110101 3 7 3 3 31 3 3 7 3
10101001101110011010110000101111 3 7 3 3 31 3 3 7 3
10101001101110011010110010101101 3 7 3 3 31 3 3 7 3
10101001101110011010110100101011 3 7 3 3 31 3 3 7 3
10101001101110011010110101010101 3 7 3 3 31 3 3 7 3
10101001101110011010111110100001 3 7 3 3 31 3 3 7 3
10101001101110011100010001110111 3 7 3 3 31 3 3 7 3
10101001101110011100010111110001 3 7 3 3 31 3 3 7 3
10101001101110011100101010110011 3 7 3 3 31 3 3 7 3
10101001101110011100110010101011 3 7 3 3 31 3 3 7 3
10101001101110011100110011010101 3 7 3 3 31 3 3 7 3
10101001101110011100110101010011 3 7 3 3 31 3 3 7 3
10101001101110011100111010100011 3 7 3 3 31 3 3 7 3
10101001101110011101010000110111 3 7 3 3 31 3 3 7 3
10101001101110011101110000010111 3 7 3 3 31 3 3 7 3
10101001101110011101110010010101 3 7 3 3 31 3 3 7 3
10101001101110011101110100010011 3 7 3 3 31 3 3 7 3
10101001101110011110010101110001 3 7 3 3 31 3 3 7 3
10101001101110011110100000111011 3 7 3 3 31 3 3 7 3
10101001101110011110101000110011 3 7 3 3 31 3 3 7 3
10101001101110011110110010101001 3 7 3 3 31 3 3 7 3
10101001101110011110110101010001 3 7 3 3 31 3 3 7 3
10101001101110011110111010100001 3 7 3 3 31 3 3 7 3
10101001101110011111010000110101 3 7 3 3 31 3 3 7 3
